0 0.21303703703703702 0.024444444444444442 0.10607407407407407 0.048888888888888885
0 0.0597037037037037 0.3138666666666667 0.10044444444444445 0.12426666666666665
0 0.25496296296296295 0.28515555555555555 0.11703703703703701 0.14097777777777776
0 0.45866666666666667 0.2680888888888889 0.13333333333333336 0.14968888888888887
0 0.6817777777777778 0.23413333333333333 0.0865185185185187 0.17955555555555555
0 0.8757037037037037 0.16942222222222222 0.11674074074074088 0.13297777777777775
0 0.9942962962962963 0.5762666666666667 0.01140740740740739 0.12942222222222222
0 0.8705185185185185 0.6784888888888888 0.12562962962962956 0.1573333333333335
0 0.4623703703703704 0.8008 0.11614814814814815 0.11697777777777765
0 0.25111111111111106 0.8302222222222222 0.12444444444444445 0.1253333333333335
0 0.057037037037037046 0.8909333333333334 0.05274074074074075 0.1301333333333332