0 0.9774518518518519 0.752 0.04509629629629626 0.10607407407407413
0 0.6981037037037037 0.9266666666666667 0.12142222222222222 0.10044444444444435
0 0.7152000000000001 0.7299259259259259 0.1376592592592592 0.11703703703703695
0 0.7201777777777777 0.5256296296296296 0.14589629629629644 0.13333333333333341
0 0.7408592592592592 0.30074074074074075 0.17718518518518522 0.08651851851851848
0 0.7939555555555555 0.10266666666666666 0.12965925925925922 0.11674074074074076
0 0.380237037037037 0.010148148148148147 0.128474074074074 0.020296296296296295
0 0.2863111111111111 0.14548148148148146 0.1537777777777778 0.12562962962962967
0 0.1884148148148148 0.5613333333333332 0.11365925925925921 0.11614814814814821
0 0.17155555555555557 0.7740740740740741 0.12177777777777778 0.12444444444444434
0 0.12245925925925925 0.972 0.1287111111111111 0.05274074074074065