0 0.8159111111111111 0.40986666666666666 0.16284444444444443 0.13866666666666674
0 0.7936888888888889 0.668 0.14702222222222236 0.1455999999999999
0 0.893511111111111 0.9946666666666667 0.14542222222222223 0.010666666666666515
0 0.49288888888888893 0.9574666666666667 0.13831111111111113 0.08506666666666661
0 0.5573333333333333 0.816 0.09884444444444443 0.1344000000000001
0 0.4219555555555556 0.6552 0.13013333333333332 0.1045333333333333
0 0.42773333333333335 0.376 0.11555555555555554 0.1674666666666667
0 0.25351111111111113 0.0848 0.11502222222222223 0.14346666666666666
0 0.0672888888888889 0.332 0.12319999999999999 0.152
0 0.044 0.5421333333333334 0.0663111111111111 0.10826666666666665
0 0.09688888888888889 0.7653333333333333 0.13902222222222224 0.1450666666666666
0 0.13377777777777777 0.9814666666666667 0.13688888888888892 0.03706666666666661