0 0.4038814814814815 0.810637037037037 0.1374814814814815 0.160948148148148
0 0.6622222222222222 0.7845629629629629 0.1445333333333333 0.1450074074074073
0 0.9917037037037036 0.8791703703703704 0.01659259259259261 0.144474074074074
0 0.9559703703703704 0.478962962962963 0.08805925925925931 0.1367703703703704
0 0.812 0.5457777777777778 0.13368888888888886 0.09694814814814805
0 0.6521777777777777 0.4126518518518519 0.10358518518518531 0.1287111111111111
0 0.37288888888888894 0.4225777777777778 0.16663703703703708 0.11318518518518522
0 0.08293333333333333 0.25250370370370373 0.14263703703703703 0.11300740740740742
0 0.33155555555555555 0.062429629629629634 0.15111111111111108 0.12106666666666667
0 0.5418962962962962 0.036 0.10779259259259248 0.06477037037037035
0 0.7647407407407407 0.08562962962962962 0.1440592592592593 0.1370074074074074
0 0.9813037037037037 0.11925925925925927 0.03739259259259256 0.1362962962962963