0 0.8904296296296297 0.29985185185185187 0.10684444444444444 0.10216296296296298
0 0.7168592592592593 0.1218074074074074 0.09837037037037044 0.0856888888888889
0 0.5094518518518518 0.15413333333333332 0.10755555555555543 0.12616296296296298
0 0.33191111111111116 0.11256296296296296 0.08237037037037044 0.08474074074074076
0 0.2268740740740741 0.21896296296296297 0.06826666666666666 0.1477925925925926
0 0.05122962962962963 0.2413925925925926 0.09084444444444445 0.10121481481481481
0 0.11244444444444444 0.4140740740740741 0.10731851851851852 0.11816296296296298
0 0.29964444444444444 0.5111703703703704 0.08331851851851854 0.11674074074074064
0 0.44705185185185187 0.4824 0.09179259259259266 0.13321481481481487
0 0.7277925925925925 0.6260444444444445 0.06684444444444443 0.09979259259259243
0 0.8543703703703703 0.5704592592592593 0.11484444444444443 0.1026370370370371
0 0.0762074074074074 0.9491555555555555 0.09884444444444443 0.10168888888888887