0 0.7290370370370369 0.16696296296296295 0.10471111111111123 0.09985185185185184
0 0.7303407407407407 0.3429629629629629 0.1288296296296296 0.11674074074074064
0 0.8753777777777777 0.4882962962962963 0.10459259259259261 0.08385185185185173
0 0.9546074074074075 0.7912592592592593 0.09078518518518512 0.10755555555555565
0 0.9794666666666667 0.9856296296296295 0.041066666666666606 0.028740740740740876
0 0.2671111111111111 0.42977777777777776 0.09671111111111111 0.09955555555555554
0 0.31768888888888885 0.2397037037037037 0.0965925925925926 0.08355555555555555
0 0.25268148148148145 0.10133333333333334 0.09671111111111111 0.09955555555555554
0 0.01771851851851852 0.23259259259259257 0.032770370370370366 0.10518518518518516
0 0.04041481481481481 0.5973333333333333 0.0725925925925926 0.08266666666666651
0 0.15075555555555556 0.9173333333333332 0.11282962962962961 0.11614814814814826