0 0.0816 0.648 0.10968888888888889 0.096
0 0.23845925925925926 0.836 0.1007407407407407 0.08
0 0.44764444444444446 0.816 0.11111111111111109 0.12
0 0.620562962962963 0.868 0.08426666666666666 0.072
0 0.7344888888888889 0.768 0.0725333333333333 0.144
0 0.9112 0.756 0.09368888888888886 0.096
0 0.8656296296296295 0.58 0.11063703703703687 0.112
0 0.6880296296296297 0.472 0.0866370370370371 0.112
0 0.5388444444444445 0.492 0.09558518518518531 0.128
0 0.27232592592592597 0.332 0.06968888888888887 0.096
0 0.14148148148148146 0.38 0.11768888888888888 0.096
0 0.9491555555555555 0.048 0.10168888888888887 0.096